28,8
28,7
99,70
99,69
99,68
99,67
99,66
99,65
99,64
99,38
99,37
99,36
99,35
99,34
99,33
99,32
99,31
99,30
99,29
99,28
99,27
99,26
99,25
99,24
99,23
99,22
99,21
99,20
99,19
99,18
99,17
99,16
99,15
99,14
99,13
99,12
99,11
99,10
99,9
99,8
99,7
23,36
263,3
263,2
263,1
263,0
262,3
262,2
262,1
262,0
261,3
261,2
261,1
261,0
260,3
260,2
260,1
260,0
259,3
259,2
259,1
259,0
258,3
258,2
258,1
258,0
257,3
257,2
257,1
257,0
256,3
256,2
256,1
256,0
255,3
255,2
255,1
255,0
254,3
254,2
254,1
254,0
253,3
253,2
253,1
253,0
252,6
252,5
252,4
252,3
252,2
252,1
252,0
0,471
0,470
0,469
0,468
0,467
0,466
251,3
251,2
251,1
251,0
250,3
250,2
250,1
250,0
249,3
249,2
249,1
249,0
248,3
248,2
248,1
248,0
247,3
247,2
247,1
247,0
246,3
246,2
246,1
246,0
245,3
245,2
245,1
245,0
244,3
244,2
244,1
244,0
243,3
243,2
243,1
243,0
242,3
242,2
242,1
242,0
241,3
241,2
241,1
241,0
240,4
240,3
240,2
240,1
240,0
0,465
0,464
0,463
0,462
0,461
0,460
239,3
239,2
239,1
239,0
238,3
238,2
238,1
238,0
237,3
237,2
237,1
237,0
236,3
236,2
236,1
236,0
235,3
235,2
235,1
235,0
234,3
234,2
234,1
234,0
233,3
233,2
233,1
233,0
232,3
232,2
232,1
232,0
231,3
231,2
231,1
231,0
230,3
230,2
0,459
230,1
230,0
229,3
229,2
229,1
229,0
228,4
0,458
228,3
228,2
228,1
228,0
227,5
227,4
227,3
227,2
227,1
227,0
226,5
226,4
226,3
226,2
226,1
226,0
225,4
225,3
225,2
225,1
225,0
224,6
224,5
224,4
224,3
224,2
224,1
224,0
223,5
223,4
223,3
223,2
223,1
223,0
14,29
222,5
222,4
222,3
222,2
222,1
222,0
221,5
221,4
221,3
221,2
221,1
221,0
220,6
220,5
220,4
220,3
220,2
220,1
220,0
219,5
219,4
219,3
219,2
219,1
219,0
218,4
218,3
218,2
218,1
218,0
217,5
217,4
217,3
217,2
217,1
217,0
14,28
216,5
216,4
216,3
216,2
216,1
216,0
215,5
215,4
215,3
215,2
215,1
215,0
214,5
214,4
214,3
214,2
214,1
214,0
213,6
213,5
213,4
213,3
213,2
0,457
213,1
213,0
212,4
212,3
212,2
212,1
212,0
211,5
211,4
211,3
211,2
211,1
211,0
210,5
210,4
210,3
210,2
210,1
210,0
209,5
209,4
209,3
209,2
209,1
209,0
14,27
208,3
208,2
208,1
208,0
207,3
207,2
207,1
207,0
206,8
206,7
206,6
206,5
206,4
206,3
206,2
206,1
206,0
14,26
205,3
205,2
205,1
205,0
204,10
204,9
204,8
204,7
204,6
204,5
204,4
204,3
204,2
204,1
204,0
203,6
203,5
203,4
203,3
203,2
203,1
203,0
202,3
202,2
202,1
202,0
14,25
14,24
201,5
201,4
201,3
201,2
201,1
201,0
200,6
200,5
200,4
200,3
200,2
200,1
200,0
14,23
199,5
199,4
199,3
199,2
199,1
199,0
198,6
198,5
198,4
198,3
198,2
198,1
198,0
14,22
197,8
197,7
197,6
197,5
197,4
197,3
197,2
197,1
197,0
196,3
196,2
196,1
196,0
195,3
195,2
195,1
195,0
194,3
194,2
194,1
194,0
193,3
193,2
193,1
193,0
192,9
192,8
192,7
192,6
192,5
192,4
192,3
192,2
192,1
192,0
14,21
191,5
191,4
191,3
191,2
191,1
191,0
190,4
190,3
190,2
190,1
190,0
189,7
189,6
189,5
189,4
189,3
189,2
189,1
189,0
14,20
188,3
188,2
188,1
188,0
14,19
187,5
